79980.000000
83980.000000
87980.000000
91980.000000
95980.000000
99980.000000
103980.000000
107980.000000
111980.000000
115980.000000
119980.000000
123980.000000
127980.000000
131980.000000
135980.000000
139980.000000
143980.000000
147980.000000
151980.000000
155980.000000
159980.000000
163980.000000
167980.000000
171980.000000
175980.000000
179980.000000
183980.000000
187980.000000
191980.000000
195980.000000
199980.000000
203980.000000
207980.000000
211980.000000
215980.000000
219980.000000
223980.000000
227980.000000
231980.000000
235980.000000
239980.000000
243980.000000
247980.000000
251980.000000
255980.000000
259980.000000
263980.000000
267980.000000
271980.000000
275980.000000
279980.000000
283980.000000
287980.000000
291980.000000
295980.000000
299980.000000
303980.000000
307980.000000
311980.000000
315980.000000
319980.000000
323980.000000
327980.000000
331980.000000
335980.000000
339980.000000
343980.000000
347980.000000
351980.000000
355980.000000
359980.000000
363980.000000
367980.000000
371980.000000
375980.000000
379980.000000
383980.000000
387980.000000
391980.000000
395980.000000
399980.000000
403980.000000
407980.000000
411980.000000
415980.000000
419980.000000
423980.000000
427980.000000
431980.000000
435980.000000
439980.000000
443980.000000
447980.000000
451980.000000
455980.000000
459980.000000
463980.000000
467980.000000
471980.000000
475980.000000
479980.000000
483980.000000
487980.000000
491980.000000
495980.000000
499980.000000
503980.000000
507980.000000
511980.000000
515980.000000
519980.000000
523980.000000
527980.000000
531980.000000
535980.000000
539980.000000
543980.000000
547980.000000
551980.000000
555980.000000
559980.000000
563980.000000
567980.000000
571980.000000
575980.000000
579980.000000
583980.000000
587980.000000
591980.000000
595980.000000
599980.000000
603980.000000
607980.000000
611980.000000
615980.000000
619980.000000
623980.000000
627980.000000
631980.000000
635980.000000
639980.000000
643980.000000
647980.000000
651980.000000
655980.000000
659980.000000
663980.000000
667980.000000
671980.000000
675980.000000
679980.000000
683980.000000
687980.000000
691980.000000
695980.000000
699980.000000
703980.000000
707980.000000
711980.000000
715980.000000
719980.000000
723980.000000
727980.000000
731980.000000
735980.000000
739980.000000
743980.000000
747980.000000
751980.000000
755980.000000
759980.000000
763980.000000
767980.000000
771980.000000
775980.000000
779980.000000
783980.000000
787980.000000
791980.000000
795980.000000
799980.000000
803980.000000
807980.000000
811980.000000
815980.000000
819980.000000
823980.000000
827980.000000
831980.000000
835980.000000
839980.000000
843980.000000
847980.000000
851980.000000
855980.000000
859980.000000
863980.000000
867980.000000
871980.000000
875980.000000
879980.000000
883980.000000
887980.000000
891980.000000
895980.000000
899980.000000
903980.000000
907980.000000
911980.000000
915980.000000
919980.000000
923980.000000
927980.000000
931980.000000
935980.000000
939980.000000
943980.000000
947980.000000
951980.000000
955980.000000
959980.000000
963980.000000
967980.000000
971980.000000
975980.000000
979980.000000
983980.000000
987980.000000
991980.000000
995980.000000
999980.000000
1003980.000000
1007980.000000
1011980.000000
1015980.000000
1019980.000000
1023980.000000
1027980.000000
1031980.000000
1035980.000000
1039980.000000
1043980.000000
1047980.000000
1051980.000000
1055980.000000
1059980.000000
1063980.000000
1067980.000000
1071980.000000
1075980.000000
1079980.000000
1083980.000000
1087980.000000
1091980.000000
1095980.000000
1099980.000000
1103980.000000
1107980.000000
1111980.000000
1115980.000000
1119980.000000
1123980.000000
1127980.000000
1131980.000000
1135980.000000
1139980.000000
1143980.000000
1147980.000000
1151980.000000
1155980.000000
1159980.000000
1163980.000000
1167980.000000
1171980.000000
1175980.000000
1179980.000000
1183980.000000
1187980.000000
1191980.000000
1195980.000000
1199980.000000
1203980.000000
1207980.000000
1211980.000000
1215980.000000
1219980.000000
1223980.000000
1227980.000000
1231980.000000
1235980.000000
1239980.000000
1243980.000000
1247980.000000
1251980.000000
1255980.000000
1259980.000000
1263980.000000
1267980.000000
1271980.000000
1275980.000000
1279980.000000
1283980.000000
1287980.000000
1291980.000000
1295980.000000
1299980.000000
1303980.000000
1307980.000000
1311980.000000
1315980.000000
1319980.000000
1323980.000000
1327980.000000
1331980.000000
1335980.000000
1339980.000000
1343980.000000
1347980.000000
1351980.000000
1355980.000000
1359980.000000
1363980.000000
1367980.000000
1371980.000000
1375980.000000
1379980.000000
1383980.000000
1387980.000000
1391980.000000
1395980.000000
1399980.000000
1403980.000000
1407980.000000
1411980.000000
1415980.000000
1419980.000000
1423980.000000
1427980.000000
1431980.000000
1435980.000000
1439980.000000
1443980.000000
1447980.000000
1451980.000000
1455980.000000
1459980.000000
1463980.000000
1467980.000000
1471980.000000
1475980.000000
1479980.000000
1483980.000000
1487980.000000
1491980.000000
1495980.000000
1499980.000000
1503980.000000
1507980.000000
1511980.000000
1515980.000000
1519980.000000
1523980.000000
1527980.000000
1531980.000000
1535980.000000
1539980.000000
1543980.000000
1547980.000000
1551980.000000
1555980.000000
1559980.000000
1563980.000000
1567980.000000
1571980.000000
1575980.000000
1579980.000000
1583980.000000
1587980.000000
1591980.000000
1595980.000000
1599980.000000
1603980.000000
1607980.000000
1611980.000000
1615980.000000
1619980.000000
1623980.000000
1627980.000000
1631980.000000
1635980.000000
1639980.000000
1643980.000000
1647980.000000
1651980.000000
1655980.000000
1659980.000000
1663980.000000
1667980.000000
1671980.000000
1675980.000000
1679980.000000
1683980.000000
1687980.000000
1691980.000000
1695980.000000
1699980.000000
1703980.000000
1707980.000000
1711980.000000
1715980.000000
1719980.000000
1723980.000000
1727980.000000
1731980.000000
1735980.000000
1739980.000000
1743980.000000
1747980.000000
1751980.000000
1755980.000000
1759980.000000
1763980.000000
1767980.000000
1771980.000000
1775980.000000
1779980.000000
1783980.000000
1787980.000000
1791980.000000
1795980.000000
1799980.000000
1803980.000000
1807980.000000
1811980.000000
1815980.000000
1819980.000000
1823980.000000
1827980.000000
1831980.000000
1835980.000000
1839980.000000
1843980.000000
1847980.000000
1851980.000000
1855980.000000
1859980.000000
1863980.000000
1867980.000000
1871980.000000
1875980.000000
1879980.000000
1883980.000000
1887980.000000
1891980.000000
1895980.000000
1899980.000000
1903980.000000
1907980.000000
1911980.000000
1915980.000000
1919980.000000
1923980.000000
1927980.000000
1931980.000000
1935980.000000
1939980.000000
1943980.000000
1947980.000000
1951980.000000
1955980.000000
1959980.000000
1963980.000000
1967980.000000
1971980.000000
1975980.000000
1979980.000000
1983980.000000
1987980.000000
1991980.000000
1995980.000000
1999980.000000
2003980.000000
2007980.000000
2011980.000000
2015980.000000
2019980.000000
2023980.000000
2027980.000000
2031980.000000
2035980.000000
2039980.000000
2043980.000000
2047980.000000
2051980.000000
2055980.000000
2059980.000000
2063980.000000
2067980.000000
2071980.000000
2075980.000000
2079980.000000
2083980.000000
2087980.000000
2091980.000000
2095980.000000
2099980.000000
2103980.000000
2107980.000000
2111980.000000
2115980.000000
2119980.000000
2123980.000000
2127980.000000
2131980.000000
2135980.000000
2139980.000000
2143980.000000
2147980.000000
2151980.000000
2155980.000000
2159980.000000
2163980.000000
2167980.000000
2171980.000000
2175980.000000
2179980.000000
2183980.000000
2187980.000000
2191980.000000
2195980.000000
2199980.000000
2203980.000000
2207980.000000
2211980.000000
2215980.000000
2219980.000000
2223980.000000
2227980.000000
2231980.000000
2235980.000000
2239980.000000
2243980.000000
2247980.000000
2251980.000000
2255980.000000
2259980.000000
2263980.000000
2267980.000000
2271980.000000
2275980.000000
2279980.000000
2283980.000000
2287980.000000
2291980.000000
2295980.000000
2299980.000000
2303980.000000
2307980.000000
2311980.000000
2315980.000000
2319980.000000
2323980.000000
2327980.000000
2331980.000000
2335980.000000
2339980.000000
2343980.000000
2347980.000000
2351980.000000
2355980.000000
2359980.000000
2363980.000000
2367980.000000
2371980.000000
2375980.000000
2379980.000000
2383980.000000
2387980.000000
2391980.000000
2395980.000000
2399980.000000
2403980.000000
2407980.000000
2411980.000000
2415980.000000
2419980.000000
2423980.000000
2427980.000000
2431980.000000
2435980.000000
2439980.000000
2443980.000000
2447980.000000
2451980.000000
2455980.000000
2459980.000000
2463980.000000
2467980.000000
2471980.000000
2475980.000000
2479980.000000
2483980.000000
2487980.000000
2491980.000000
2495980.000000
2499980.000000
2503980.000000
2507980.000000
2511980.000000
2515980.000000
2519980.000000
2523980.000000
2527980.000000
2531980.000000
2535980.000000
2539980.000000
2543980.000000
2547980.000000
2551980.000000
2555980.000000
2559980.000000
2563980.000000
2567980.000000
2571980.000000
2575980.000000
2579980.000000
2583980.000000
2587980.000000
2591980.000000
2595980.000000
2599980.000000
2603980.000000
2607980.000000
2611980.000000
2615980.000000
2619980.000000
2623980.000000
2627980.000000
2631980.000000
2635980.000000
2639980.000000
2643980.000000
2647980.000000
2651980.000000
2655980.000000
2659980.000000
2663980.000000
2667980.000000
2671980.000000
2675980.000000
2679980.000000
2683980.000000
2687980.000000
2691980.000000
2695980.000000
2699980.000000
2703980.000000
2707980.000000
2711980.000000
2715980.000000
2719980.000000
2723980.000000
2727980.000000
2731980.000000
2735980.000000
2739980.000000
2743980.000000
2747980.000000
2751980.000000
2755980.000000
2759980.000000
2763980.000000
2767980.000000
2771980.000000
2775980.000000
2779980.000000
2783980.000000
2787980.000000
2791980.000000
2795980.000000
2799980.000000
2803980.000000
2807980.000000
2811980.000000
2815980.000000
2819980.000000
2823980.000000
2827980.000000
2831980.000000
2835980.000000
2839980.000000
2843980.000000
2847980.000000
2851980.000000
2855980.000000
2859980.000000
2863980.000000
2867980.000000
2871980.000000
2875980.000000
2879980.000000
2883980.000000
2887980.000000
2891980.000000
2895980.000000
2899980.000000
2903980.000000
2907980.000000
2911980.000000
2915980.000000
2919980.000000
2923980.000000
2927980.000000
2931980.000000
2935980.000000
2939980.000000
2943980.000000
2947980.000000
2951980.000000
2955980.000000
2959980.000000
2963980.000000
2967980.000000
2971980.000000
2975980.000000
2979980.000000
2983980.000000
2987980.000000
2991980.000000
2995980.000000
2999980.000000
3003980.000000
3007980.000000
3011980.000000
3015980.000000
3019980.000000
3023980.000000
3027980.000000
3031980.000000
3035980.000000
3039980.000000
3043980.000000
3047980.000000
3051980.000000
3055980.000000
3059980.000000
3063980.000000
3067980.000000
3071980.000000
3075980.000000
3079980.000000
3083980.000000
3087980.000000
3091980.000000
3095980.000000
3099980.000000
3103980.000000
3107980.000000
3111980.000000
3115980.000000
3119980.000000
3123980.000000
3127980.000000
3131980.000000
3135980.000000
3139980.000000
3143980.000000
3147980.000000
3151980.000000
3155980.000000
3159980.000000
3163980.000000
3167980.000000
3171980.000000
3175980.000000
3179980.000000
3183980.000000
3187980.000000
3191980.000000
3195980.000000
3199980.000000
3203980.000000
3207980.000000
3211980.000000
3215980.000000
3219980.000000
3223980.000000
3227980.000000
3231980.000000
3235980.000000
3239980.000000
3243980.000000
3247980.000000
3251980.000000
3255980.000000
3259980.000000
3263980.000000
3267980.000000
3271980.000000
3275980.000000
3279980.000000
3283980.000000
3287980.000000
3291980.000000
3295980.000000
3299980.000000
3303980.000000
3307980.000000
3311980.000000
3315980.000000
3319980.000000
3323980.000000
3327980.000000
3331980.000000
3335980.000000
3339980.000000
3343980.000000
3347980.000000
3351980.000000
3355980.000000
3359980.000000
3363980.000000
3367980.000000
3371980.000000
3375980.000000
3379980.000000
3383980.000000
3387980.000000
3391980.000000
3395980.000000
3399980.000000
3403980.000000
3407980.000000
3411980.000000
3415980.000000
3419980.000000
3423980.000000
3427980.000000
3431980.000000
3435980.000000
3439980.000000
3443980.000000
3447980.000000
3451980.000000
3455980.000000
3459980.000000
3463980.000000
3467980.000000
3471980.000000
3475980.000000
3479980.000000
3483980.000000
3487980.000000
3491980.000000
3495980.000000
3499980.000000
3503980.000000
3507980.000000
3511980.000000
3515980.000000
3519980.000000
3523980.000000
3527980.000000
3531980.000000
3535980.000000
3539980.000000
3543980.000000
3547980.000000
3551980.000000
3555980.000000
3559980.000000
3563980.000000
3567980.000000
3571980.000000
3575980.000000
3579980.000000
3583980.000000
3587980.000000
3591980.000000
3595980.000000
3599980.000000
3603980.000000
3607980.000000
3611980.000000
3615980.000000
3619980.000000
3623980.000000
3627980.000000
3631980.000000
3635980.000000
3639980.000000
3643980.000000
3647980.000000
3651980.000000
3655980.000000
3659980.000000
3663980.000000
3667980.000000
3671980.000000
3675980.000000
3679980.000000
3683980.000000
3687980.000000
3691980.000000
3695980.000000
3699980.000000
3703980.000000
3707980.000000
3711980.000000
3715980.000000
3719980.000000
3723980.000000
3727980.000000
3731980.000000
3735980.000000
3739980.000000
3743980.000000
3747980.000000
3751980.000000
3755980.000000
3759980.000000
3763980.000000
3767980.000000
3771980.000000
3775980.000000
3779980.000000
3783980.000000
3787980.000000
3791980.000000
3795980.000000
3799980.000000
3803980.000000
3807980.000000
3811980.000000
3815980.000000
3819980.000000
3823980.000000
3827980.000000
3831980.000000
3835980.000000
3839980.000000
3843980.000000
3847980.000000
3851980.000000
3855980.000000
3859980.000000
3863980.000000
3867980.000000
3871980.000000
3875980.000000
3879980.000000
3883980.000000
3887980.000000
3891980.000000
3895980.000000
3899980.000000
3903980.000000
3907980.000000
3911980.000000
3915980.000000
3919980.000000
3923980.000000
3927980.000000
3931980.000000
3935980.000000
3939980.000000
3943980.000000
3947980.000000
3951980.000000
3955980.000000
3959980.000000
3963980.000000
3967980.000000
3971980.000000
3975980.000000
3979980.000000
3983980.000000
3987980.000000
3991980.000000
3995980.000000
3999980.000000
4003980.000000
4007980.000000
4011980.000000
4015980.000000
4019980.000000
4023980.000000
4027980.000000
4031980.000000
4035980.000000
4039980.000000
4043980.000000
4047980.000000
4051980.000000
4055980.000000
4059980.000000
4063980.000000
4067980.000000
4071980.000000
4075980.000000
4079980.000000
4083980.000000
4087980.000000
4091980.000000
4095980.000000
4099980.000000
4103980.000000
4107980.000000
4111980.000000
4115980.000000
4119980.000000
4123980.000000
4127980.000000
4131980.000000
4135980.000000
4139980.000000
4143980.000000
4147980.000000
4151980.000000
4155980.000000
4159980.000000
4163980.000000
4167980.000000
4171980.000000
4175980.000000
4179980.000000
4183980.000000
4187980.000000
4191980.000000
4195980.000000
4199980.000000
4203980.000000
4207980.000000
4211980.000000
4215980.000000
4219980.000000
4223980.000000
4227980.000000
4231980.000000
4235980.000000
4239980.000000
4243980.000000
4247980.000000
4251980.000000
4255980.000000
4259980.000000
4263980.000000
4267980.000000
4271980.000000
4275980.000000
4279980.000000
4283980.000000
4287980.000000
4291980.000000
4295980.000000
4299980.000000
4303980.000000
4307980.000000
4311980.000000
4315980.000000
4319980.000000
4323980.000000
4327980.000000
4331980.000000
4335980.000000
4339980.000000
4343980.000000
4347980.000000
4351980.000000
4355980.000000
4359980.000000
4363980.000000
4367980.000000
4371980.000000
4375980.000000
4379980.000000
4383980.000000
4387980.000000
4391980.000000
4395980.000000
4399980.000000
4403980.000000
4407980.000000
4411980.000000
4415980.000000
4419980.000000
4423980.000000
4427980.000000
4431980.000000
4435980.000000
4439980.000000
4443980.000000
4447980.000000
4451980.000000
4455980.000000
4459980.000000
4463980.000000
4467980.000000
4471980.000000
4475980.000000
4479980.000000
4483980.000000
4487980.000000
4491980.000000
4495980.000000
4499980.000000
4503980.000000
4507980.000000
4511980.000000
4515980.000000
4519980.000000
4523980.000000
4527980.000000
4531980.000000
4535980.000000
4539980.000000
4543980.000000
4547980.000000
4551980.000000
4555980.000000
4559980.000000
4563980.000000
4567980.000000
4571980.000000
4575980.000000
4579980.000000
4583980.000000
4587980.000000
4591980.000000
4595980.000000
4599980.000000
4603980.000000
4607980.000000
4611980.000000
4615980.000000
4619980.000000
4623980.000000
4627980.000000
4631980.000000
4635980.000000
4639980.000000
4643980.000000
4647980.000000
4651980.000000
4655980.000000
4659980.000000
4663980.000000
4667980.000000
4671980.000000
4675980.000000
4679980.000000
4683980.000000
4687980.000000
4691980.000000
4695980.000000
4699980.000000
4703980.000000
4707980.000000
4711980.000000
4715980.000000
4719980.000000
4723980.000000
4727980.000000
4731980.000000
4735980.000000
4739980.000000
4743980.000000
4747980.000000
4751980.000000
4755980.000000
4759980.000000
4763980.000000
4767980.000000
4771980.000000
4775980.000000
4779980.000000
4783980.000000
4787980.000000
4791980.000000
4795980.000000
4799980.000000
4803980.000000
4807980.000000
4811980.000000
4815980.000000
4819980.000000
4823980.000000
4827980.000000
4831980.000000
4835980.000000
4839980.000000
4843980.000000
4847980.000000
4851980.000000
4855980.000000
4859980.000000
4863980.000000
4867980.000000
4871980.000000
4875980.000000
4879980.000000
4883980.000000
4887980.000000
4891980.000000
4895980.000000
4899980.000000
4903980.000000
4907980.000000
4911980.000000
4915980.000000
4919980.000000
4923980.000000
4927980.000000
4931980.000000
4935980.000000
4939980.000000
4943980.000000
4947980.000000
4951980.000000
4955980.000000
4959980.000000
4963980.000000
4967980.000000
4971980.000000
4975980.000000
4979980.000000
4983980.000000
4987980.000000
4991980.000000
4995980.000000
4999980.000000
5003980.000000
5007980.000000
5011980.000000
5015980.000000
5019980.000000
5023980.000000
5027980.000000
5031980.000000
5035980.000000
5039980.000000
5043980.000000
5047980.000000
5051980.000000
5055980.000000
5059980.000000
5063980.000000
5067980.000000
5071980.000000
5075980.000000
5079980.000000
5083980.000000
5087980.000000
5091980.000000
5095980.000000
5099980.000000
5103980.000000
5107980.000000
5111980.000000
5115980.000000
5119980.000000
5123980.000000
5127980.000000
5131980.000000
5135980.000000
5139980.000000
5143980.000000
5147980.000000
5151980.000000
5155980.000000
5159980.000000
5163980.000000
5167980.000000
5171980.000000
5175980.000000
5179980.000000
5183980.000000
5187980.000000
5191980.000000
5195980.000000
5199980.000000
5203980.000000
5207980.000000
5211980.000000
5215980.000000
5219980.000000
5223980.000000
5227980.000000
5231980.000000
5235980.000000
5239980.000000
5243980.000000
5247980.000000
5251980.000000
5255980.000000
5259980.000000
5263980.000000
5267980.000000
5271980.000000
5275980.000000
5279980.000000
5283980.000000
5287980.000000
5291980.000000
5295980.000000
5299980.000000
5303980.000000
5307980.000000
5311980.000000
5315980.000000
5319980.000000
5323980.000000
5327980.000000
5331980.000000
5335980.000000
5339980.000000
5343980.000000
5347980.000000
5351980.000000
5355980.000000
5359980.000000
5363980.000000
5367980.000000
5371980.000000
5375980.000000
5379980.000000
5383980.000000
5387980.000000
5391980.000000
5395980.000000
5399980.000000
5403980.000000
5407980.000000
5411980.000000
5415980.000000
5419980.000000
5423980.000000
5427980.000000
5431980.000000
5435980.000000
5439980.000000
5443980.000000
5447980.000000
5451980.000000
5455980.000000
5459980.000000
5463980.000000
5467980.000000
5471980.000000
5475980.000000
5479980.000000
5483980.000000
5487980.000000
5491980.000000
5495980.000000
5499980.000000
5503980.000000
5507980.000000
5511980.000000
5515980.000000
5519980.000000
5523980.000000
5527980.000000
5531980.000000
5535980.000000
5539980.000000
5543980.000000
5547980.000000
5551980.000000
5555980.000000
5559980.000000
5563980.000000
5567980.000000
5571980.000000
5575980.000000
5579980.000000
5583980.000000
5587980.000000
5591980.000000
5595980.000000
5599980.000000
5603980.000000
5607980.000000
5611980.000000
5615980.000000
5619980.000000
5623980.000000
5627980.000000
5631980.000000
5635980.000000
5639980.000000
5643980.000000
5647980.000000
5651980.000000
5655980.000000
5659980.000000
5663980.000000
5667980.000000
5671980.000000
5675980.000000
5679980.000000
5683980.000000
5687980.000000
5691980.000000
5695980.000000
5699980.000000
5703980.000000
5707980.000000
5711980.000000
5715980.000000
5719980.000000
5723980.000000
5727980.000000
5731980.000000
5735980.000000
5739980.000000
5743980.000000
5747980.000000
5751980.000000
5755980.000000
5759980.000000
5763980.000000
5767980.000000
5771980.000000
5775980.000000
5779980.000000
5783980.000000
5787980.000000
5791980.000000
5795980.000000
5799980.000000
5803980.000000
5807980.000000
5811980.000000
5815980.000000
5819980.000000
5823980.000000
5827980.000000
5831980.000000
5835980.000000
5839980.000000
5843980.000000
5847980.000000
5851980.000000
5855980.000000
5859980.000000
5863980.000000
5867980.000000
5871980.000000
5875980.000000
5879980.000000
5883980.000000
5887980.000000
5891980.000000
5895980.000000
5899980.000000
5903980.000000
5907980.000000
5911980.000000
5915980.000000
5919980.000000
5923980.000000
5927980.000000
5931980.000000
5935980.000000
5939980.000000
5943980.000000
5947980.000000
5951980.000000
5955980.000000
5959980.000000
5963980.000000
5967980.000000
5971980.000000
5975980.000000
5979980.000000
5983980.000000
5987980.000000
5991980.000000
5995980.000000
5999980.000000
6003980.000000
6007980.000000
6011980.000000
6015980.000000
6019980.000000
6023980.000000
6027980.000000
6031980.000000
6035980.000000
6039980.000000
6043980.000000
6047980.000000
6051980.000000
6055980.000000
6059980.000000
6063980.000000
6067980.000000
6071980.000000
6075980.000000
6079980.000000
6083980.000000
6087980.000000
6091980.000000
6095980.000000
6099980.000000
6103980.000000
6107980.000000
6111980.000000
6115980.000000
6119980.000000
6123980.000000
6127980.000000
6131980.000000
6135980.000000
6139980.000000
6143980.000000
6147980.000000
6151980.000000
6155980.000000
6159980.000000
6163980.000000
6167980.000000
6171980.000000
6175980.000000
6179980.000000
6183980.000000
6187980.000000
6191980.000000
6195980.000000
6199980.000000
6203980.000000
6207980.000000
6211980.000000
6215980.000000
6219980.000000
6223980.000000
6227980.000000
6231980.000000
6235980.000000
6239980.000000
6243980.000000
6247980.000000
6251980.000000
6255980.000000
6259980.000000
6263980.000000
6267980.000000
6271980.000000
6275980.000000
6279980.000000
6283980.000000
6287980.000000
6291980.000000
6295980.000000
6299980.000000
6303980.000000
6307980.000000
6311980.000000
6315980.000000
6319980.000000
6323980.000000
6327980.000000
6331980.000000
6335980.000000
6339980.000000
6343980.000000
6347980.000000
6351980.000000
6355980.000000
6359980.000000
6363980.000000
6367980.000000
6371980.000000
6375980.000000
6379980.000000
6383980.000000
6387980.000000
6391980.000000
6395980.000000
6399980.000000
6403980.000000
6407980.000000
6411980.000000
6415980.000000
6419980.000000
6423980.000000
6427980.000000
6431980.000000
6435980.000000
6439980.000000
6443980.000000
6447980.000000
6451980.000000
6455980.000000
6459980.000000
6463980.000000
6467980.000000
6471980.000000
6475980.000000
6479980.000000
6483980.000000
6487980.000000
6491980.000000
6495980.000000
6499980.000000
6503980.000000
6507980.000000
6511980.000000
6515980.000000
6519980.000000
6523980.000000
6527980.000000
6531980.000000
6535980.000000
6539980.000000
6543980.000000
6547980.000000
6551980.000000
6555980.000000
6559980.000000
6563980.000000
6567980.000000
6571980.000000
6575980.000000
6579980.000000
6583980.000000
6587980.000000
6591980.000000
6595980.000000
6599980.000000
6603980.000000
6607980.000000
6611980.000000
6615980.000000
6619980.000000
6623980.000000
6627980.000000
6631980.000000
6635980.000000
6639980.000000
6643980.000000
6647980.000000
6651980.000000
6655980.000000
6659980.000000
6663980.000000
6667980.000000
6671980.000000
6675980.000000
6679980.000000
6683980.000000
6687980.000000
6691980.000000
6695980.000000
6699980.000000
6703980.000000
6707980.000000
6711980.000000
6715980.000000
6719980.000000
6723980.000000
6727980.000000
6731980.000000
6735980.000000
6739980.000000
6743980.000000
6747980.000000
6751980.000000
6755980.000000
6759980.000000
6763980.000000
6767980.000000
6771980.000000
6775980.000000
6779980.000000
6783980.000000
6787980.000000
6791980.000000
6795980.000000
6799980.000000
6803980.000000
6807980.000000
6811980.000000
6815980.000000
6819980.000000
6823980.000000
6827980.000000
6831980.000000
6835980.000000
6839980.000000
6843980.000000
6847980.000000
6851980.000000
6855980.000000
6859980.000000
6863980.000000
6867980.000000
6871980.000000
6875980.000000
6879980.000000
6883980.000000
6887980.000000
6891980.000000
6895980.000000
6899980.000000
6903980.000000
6907980.000000
6911980.000000
6915980.000000
6919980.000000
6923980.000000
6927980.000000
6931980.000000
6935980.000000
6939980.000000
6943980.000000
6947980.000000
6951980.000000
6955980.000000
6959980.000000
6963980.000000
6967980.000000
6971980.000000
6975980.000000
6979980.000000
6983980.000000
6987980.000000
6991980.000000
6995980.000000
6999980.000000
7003980.000000
7007980.000000
7011980.000000
7015980.000000
7019980.000000
7023980.000000
7027980.000000
7031980.000000
7035980.000000
7039980.000000
7043980.000000
7047980.000000
7051980.000000
7055980.000000
7059980.000000
7063980.000000
7067980.000000
7071980.000000
7075980.000000
7079980.000000
7083980.000000
7087980.000000
7091980.000000
7095980.000000
7099980.000000
7103980.000000
7107980.000000
7111980.000000
7115980.000000
7119980.000000
7123980.000000
7127980.000000
7131980.000000
7135980.000000
7139980.000000
7143980.000000
7147980.000000
7151980.000000
7155980.000000
7159980.000000
7163980.000000
7167980.000000
7171980.000000
7175980.000000
7179980.000000
7183980.000000
7187980.000000
7191980.000000
7195980.000000
7199980.000000
7203980.000000
7207980.000000
7211980.000000
7215980.000000
7219980.000000
7223980.000000
7227980.000000
7231980.000000
7235980.000000
7239980.000000
7243980.000000
7247980.000000
7251980.000000
7255980.000000
7259980.000000
7263980.000000
7267980.000000
7271980.000000
7275980.000000
7279980.000000
7283980.000000
7287980.000000
7291980.000000
7295980.000000
7299980.000000
7303980.000000
7307980.000000
7311980.000000
7315980.000000
7319980.000000
7323980.000000
7327980.000000
7331980.000000
7335980.000000
7339980.000000
7343980.000000
7347980.000000
7351980.000000
7355980.000000
7359980.000000
7363980.000000
7367980.000000
7371980.000000
7375980.000000
7379980.000000
7383980.000000
7387980.000000
7391980.000000
7395980.000000
7399980.000000
7403980.000000
7407980.000000
7411980.000000
7415980.000000
7419980.000000
7423980.000000
7427980.000000
7431980.000000
7435980.000000
7439980.000000
7443980.000000
7447980.000000
7451980.000000
7455980.000000
7459980.000000
7463980.000000
7467980.000000
7471980.000000
7475980.000000
7479980.000000
7483980.000000
7487980.000000
7491980.000000
7495980.000000
7499980.000000
7503980.000000
7507980.000000
7511980.000000
7515980.000000
7519980.000000
7523980.000000
7527980.000000
7531980.000000
7535980.000000
7539980.000000
7543980.000000
7547980.000000
7551980.000000
7555980.000000
7559980.000000
7563980.000000
7567980.000000
7571980.000000
7575980.000000
7579980.000000
7583980.000000
7587980.000000
7591980.000000
7595980.000000
7599980.000000
7603980.000000
7607980.000000
7611980.000000
7615980.000000
7619980.000000
7623980.000000
7627980.000000
7631980.000000
7635980.000000
7639980.000000
7643980.000000
7647980.000000
7651980.000000
7655980.000000
7659980.000000
7663980.000000
7667980.000000
7671980.000000
7675980.000000
7679980.000000
7683980.000000
7687980.000000
7691980.000000
7695980.000000
7699980.000000
7703980.000000
7707980.000000
7711980.000000
7715980.000000
7719980.000000
7723980.000000
7727980.000000
7731980.000000
7735980.000000
7739980.000000
7743980.000000
7747980.000000
7751980.000000
7755980.000000
7759980.000000
7763980.000000
7767980.000000
7771980.000000
7775980.000000
7779980.000000
7783980.000000
7787980.000000
7791980.000000
7795980.000000
7799980.000000
7803980.000000
7807980.000000
7811980.000000
7815980.000000
7819980.000000
7823980.000000
7827980.000000
7831980.000000
7835980.000000
7839980.000000
7843980.000000
7847980.000000
7851980.000000
7855980.000000
7859980.000000
7863980.000000
7867980.000000
7871980.000000
7875980.000000
7879980.000000
7883980.000000
7887980.000000
7891980.000000
7895980.000000
7899980.000000
7903980.000000
7907980.000000
7911980.000000
7915980.000000
7919980.000000
7923980.000000
7927980.000000
7931980.000000
7935980.000000
7939980.000000
7943980.000000
7947980.000000
7951980.000000
7955980.000000
7959980.000000
7963980.000000
7967980.000000
7971980.000000
7975980.000000
7979980.000000
7983980.000000
7987980.000000
7991980.000000
7995980.000000
7999980.000000
8003980.000000
8007980.000000
8011980.000000
8015980.000000
8019980.000000
8023980.000000
8027980.000000
8031980.000000
8035980.000000
8039980.000000
8043980.000000
8047980.000000
8051980.000000
8055980.000000
8059980.000000
8063980.000000
8067980.000000
8071980.000000
8075980.000000
8079980.000000
8083980.000000
8087980.000000
8091980.000000
8095980.000000
8099980.000000
8103980.000000
8107980.000000
8111980.000000
8115980.000000
8119980.000000
8123980.000000
8127980.000000
8131980.000000
8135980.000000
8139980.000000
8143980.000000
8147980.000000
8151980.000000
8155980.000000
8159980.000000
8163980.000000
8167980.000000
8171980.000000
8175980.000000
8179980.000000
8183980.000000
8187980.000000
8191980.000000
8195980.000000
8199980.000000
8203980.000000
8207980.000000
8211980.000000
8215980.000000
8219980.000000
8223980.000000
8227980.000000
8231980.000000
8235980.000000
8239980.000000
8243980.000000
8247980.000000
8251980.000000
8255980.000000
8259980.000000
8263980.000000
8267980.000000
8271980.000000
8275980.000000
8279980.000000
8283980.000000
8287980.000000
8291980.000000
8295980.000000
8299980.000000
8303980.000000
8307980.000000
8311980.000000
8315980.000000
8319980.000000
8323980.000000
8327980.000000
8331980.000000
8335980.000000
8339980.000000
8343980.000000
8347980.000000
8351980.000000
8355980.000000
8359980.000000
8363980.000000
8367980.000000
8371980.000000
8375980.000000
8379980.000000
8383980.000000
8387980.000000
8391980.000000
8395980.000000
8399980.000000
8403980.000000
8407980.000000
8411980.000000
8415980.000000
8419980.000000
8423980.000000
8427980.000000
8431980.000000
8435980.000000
8439980.000000
8443980.000000
8447980.000000
8451980.000000
8455980.000000
8459980.000000
8463980.000000
8467980.000000
8471980.000000
8475980.000000
8479980.000000
8483980.000000
8487980.000000
8491980.000000
8495980.000000
8499980.000000
8503980.000000
8507980.000000
8511980.000000
8515980.000000
8519980.000000
8523980.000000
8527980.000000
8531980.000000
8535980.000000
8539980.000000
8543980.000000
8547980.000000
8551980.000000
8555980.000000
8559980.000000
8563980.000000
8567980.000000
8571980.000000
8575980.000000
8579980.000000
8583980.000000
8587980.000000
8591980.000000
8595980.000000
8599980.000000
8603980.000000
8607980.000000
8611980.000000
8615980.000000
8619980.000000
8623980.000000
8627980.000000
8631980.000000
8635980.000000
8639980.000000
8643980.000000
8647980.000000
8651980.000000
8655980.000000
8659980.000000
8663980.000000
8667980.000000
8671980.000000
8675980.000000
8679980.000000
8683980.000000
8687980.000000
8691980.000000
8695980.000000
8699980.000000
8703980.000000
8707980.000000
8711980.000000
8715980.000000
8719980.000000
8723980.000000
8727980.000000
8731980.000000
8735980.000000
8739980.000000
8743980.000000
8747980.000000
8751980.000000
8755980.000000
8759980.000000
8763980.000000
8767980.000000
8771980.000000
8775980.000000
8779980.000000
8783980.000000
8787980.000000
8791980.000000
8795980.000000
8799980.000000
8803980.000000
8807980.000000
8811980.000000
8815980.000000
8819980.000000
8823980.000000
8827980.000000
8831980.000000
8835980.000000
8839980.000000
8843980.000000
8847980.000000
8851980.000000
8855980.000000
8859980.000000
8863980.000000
8867980.000000
8871980.000000
8875980.000000
8879980.000000
8883980.000000
8887980.000000
8891980.000000
8895980.000000
8899980.000000
8903980.000000
8907980.000000
8911980.000000
8915980.000000
8919980.000000
8923980.000000
8927980.000000
8931980.000000
8935980.000000
8939980.000000
8943980.000000
8947980.000000
8951980.000000
8955980.000000
8959980.000000
8963980.000000
8967980.000000
8971980.000000
8975980.000000
8979980.000000
8983980.000000
8987980.000000
8991980.000000
8995980.000000
8999980.000000
9003980.000000
9007980.000000
9011980.000000
9015980.000000
9019980.000000
9023980.000000
9027980.000000
9031980.000000
9035980.000000
9039980.000000
9043980.000000
9047980.000000
9051980.000000
9055980.000000
9059980.000000
9063980.000000
9067980.000000
9071980.000000
9075980.000000
9079980.000000
9083980.000000
9087980.000000
9091980.000000
9095980.000000
9099980.000000
9103980.000000
9107980.000000
9111980.000000
9115980.000000
9119980.000000
9123980.000000
9127980.000000
9131980.000000
9135980.000000
9139980.000000
9143980.000000
9147980.000000
9151980.000000
9155980.000000
9159980.000000
9163980.000000
9167980.000000
9171980.000000
9175980.000000
9179980.000000
9183980.000000
9187980.000000
9191980.000000
9195980.000000
9199980.000000
9203980.000000
9207980.000000
9211980.000000
9215980.000000
9219980.000000
9223980.000000
9227980.000000
9231980.000000
9235980.000000
9239980.000000
9243980.000000
9247980.000000
9251980.000000
9255980.000000
9259980.000000
9263980.000000
9267980.000000
9271980.000000
9275980.000000
9279980.000000
9283980.000000
9287980.000000
9291980.000000
9295980.000000
9299980.000000
9303980.000000
9307980.000000
9311980.000000
9315980.000000
9319980.000000
9323980.000000
9327980.000000
9331980.000000
9335980.000000
9339980.000000
9343980.000000
9347980.000000
9351980.000000
9355980.000000
9359980.000000
9363980.000000
9367980.000000
9371980.000000
9375980.000000
9379980.000000
9383980.000000
9387980.000000
9391980.000000
9395980.000000
9399980.000000
9403980.000000
9407980.000000
9411980.000000
9415980.000000
9419980.000000
9423980.000000
9427980.000000
9431980.000000
9435980.000000
9439980.000000
9443980.000000
9447980.000000
9451980.000000
9455980.000000
9459980.000000
9463980.000000
9467980.000000
9471980.000000
9475980.000000
9479980.000000
9483980.000000
9487980.000000
9491980.000000
9495980.000000
9499980.000000
9503980.000000
9507980.000000
9511980.000000
9515980.000000
9519980.000000
9523980.000000
9527980.000000
9531980.000000
9535980.000000
9539980.000000
9543980.000000
9547980.000000
9551980.000000
9555980.000000
9559980.000000
9563980.000000
9567980.000000
9571980.000000
9575980.000000
9579980.000000
9583980.000000
9587980.000000
9591980.000000
9595980.000000
9599980.000000
9603980.000000
9607980.000000
9611980.000000
9615980.000000
9619980.000000
9623980.000000
9627980.000000
9631980.000000
9635980.000000
9639980.000000
9643980.000000
9647980.000000
9651980.000000
9655980.000000
9659980.000000
9663980.000000
9667980.000000
9671980.000000
9675980.000000
9679980.000000
9683980.000000
9687980.000000
9691980.000000
9695980.000000
9699980.000000
9703980.000000
9707980.000000
9711980.000000
9715980.000000
9719980.000000
9723980.000000
9727980.000000
9731980.000000
9735980.000000
9739980.000000
9743980.000000
9747980.000000
9751980.000000
9755980.000000
9759980.000000
9763980.000000
9767980.000000
9771980.000000
9775980.000000
9779980.000000
9783980.000000
9787980.000000
9791980.000000
9795980.000000
9799980.000000
9803980.000000
9807980.000000
9811980.000000
9815980.000000
9819980.000000
9823980.000000
9827980.000000
9831980.000000
9835980.000000
9839980.000000
9843980.000000
9847980.000000
9851980.000000
9855980.000000
9859980.000000
9863980.000000
9867980.000000
9871980.000000
9875980.000000
9879980.000000
9883980.000000
9887980.000000
9891980.000000
9895980.000000
9899980.000000
9903980.000000
9907980.000000
9911980.000000
9915980.000000
9919980.000000
9923980.000000
9927980.000000
9931980.000000
9935980.000000
9939980.000000
9943980.000000
9947980.000000
9951980.000000
9955980.000000
9959980.000000
9963980.000000
9967980.000000
9971980.000000
9975980.000000
9979980.000000
9983980.000000
9987980.000000
9991980.000000
9995980.000000
9999980.000000
10003980.000000
10007980.000000
10011980.000000
10015980.000000
10019980.000000
10023980.000000
10027980.000000
10031980.000000
10035980.000000
10039980.000000
10043980.000000
10047980.000000
10051980.000000
10055980.000000
10059980.000000
10063980.000000
10067980.000000
10071980.000000
10075980.000000
10079980.000000
10083980.000000
10087980.000000
10091980.000000
10095980.000000
10099980.000000
10103980.000000
10107980.000000
10111980.000000
10115980.000000
10119980.000000
10123980.000000
10127980.000000
10131980.000000
10135980.000000
10139980.000000
10143980.000000
10147980.000000
10151980.000000
10155980.000000
10159980.000000
10163980.000000
10167980.000000
10171980.000000
10175980.000000
10179980.000000
10183980.000000
10187980.000000
10191980.000000
10195980.000000
10199980.000000
10203980.000000
10207980.000000
10211980.000000
10215980.000000
10219980.000000
10223980.000000
10227980.000000
10231980.000000
10235980.000000
10239980.000000
10243980.000000
10247980.000000
10251980.000000
10255980.000000
10259980.000000
10263980.000000
10267980.000000
10271980.000000
10275980.000000
10279980.000000
10283980.000000
10287980.000000
10291980.000000
10295980.000000
10299980.000000
10303980.000000
10307980.000000
10311980.000000
10315980.000000
10319980.000000
10323980.000000
10327980.000000
10331980.000000
10335980.000000
10339980.000000
10343980.000000
10347980.000000
10351980.000000
10355980.000000
10359980.000000
10363980.000000
10367980.000000
10371980.000000
10375980.000000
10379980.000000
10383980.000000
10387980.000000
10391980.000000
10395980.000000
10399980.000000
10403980.000000
10407980.000000
10411980.000000
10415980.000000
10419980.000000
10423980.000000
10427980.000000
10431980.000000
10435980.000000
10439980.000000
10443980.000000
10447980.000000
10451980.000000
10455980.000000
10459980.000000
10463980.000000
10467980.000000
10471980.000000
10475980.000000
10479980.000000
10483980.000000
10487980.000000
10491980.000000
10495980.000000
10499980.000000
10503980.000000
10507980.000000
10511980.000000
10515980.000000
10519980.000000
10523980.000000
10527980.000000
10531980.000000
10535980.000000
10539980.000000
10543980.000000
10547980.000000
10551980.000000
10555980.000000
10559980.000000
10563980.000000
10567980.000000
10571980.000000
10575980.000000
10579980.000000
10583980.000000
10587980.000000
10591980.000000
10595980.000000
10599980.000000
10603980.000000
10607980.000000
10611980.000000
10615980.000000
10619980.000000
10623980.000000
10627980.000000
10631980.000000
10635980.000000
10639980.000000
10643980.000000
10647980.000000
10651980.000000
10655980.000000
10659980.000000
10663980.000000
10667980.000000
10671980.000000
10675980.000000
10679980.000000
10683980.000000
10687980.000000
10691980.000000
10695980.000000
10699980.000000
10703980.000000
10707980.000000
10711980.000000
10715980.000000
10719980.000000
10723980.000000
10727980.000000
10731980.000000
10735980.000000
10739980.000000
10743980.000000
10747980.000000
10751980.000000
10755980.000000
10759980.000000
10763980.000000
10767980.000000
10771980.000000
10775980.000000
10779980.000000
10783980.000000
10787980.000000
10791980.000000
10795980.000000
10799980.000000
10803980.000000
10807980.000000
10811980.000000
10815980.000000
10819980.000000
10823980.000000
10827980.000000
10831980.000000
10835980.000000
10839980.000000
10843980.000000
10847980.000000
10851980.000000
10855980.000000
10859980.000000
10863980.000000
10867980.000000
10871980.000000
10875980.000000
10879980.000000
10883980.000000
10887980.000000
10891980.000000
10895980.000000
10899980.000000
10903980.000000
10907980.000000
10911980.000000
10915980.000000
10919980.000000
10923980.000000
10927980.000000
10931980.000000
10935980.000000
10939980.000000
10943980.000000
10947980.000000
10951980.000000
10955980.000000
10959980.000000
10963980.000000
10967980.000000
10971980.000000
10975980.000000
10979980.000000
10983980.000000
10987980.000000
10991980.000000
10995980.000000
10999980.000000
11003980.000000
11007980.000000
11011980.000000
11015980.000000
11019980.000000
11023980.000000
11027980.000000
11031980.000000
11035980.000000
11039980.000000
11043980.000000
11047980.000000
11051980.000000
11055980.000000
11059980.000000
11063980.000000
11067980.000000
11071980.000000
11075980.000000
11079980.000000
11083980.000000
11087980.000000
11091980.000000
11095980.000000
11099980.000000
11103980.000000
11107980.000000
11111980.000000
11115980.000000
11119980.000000
11123980.000000
11127980.000000
11131980.000000
11135980.000000
11139980.000000
11143980.000000
11147980.000000
11151980.000000
11155980.000000
11159980.000000
11163980.000000
11167980.000000
11171980.000000
11175980.000000
11179980.000000
11183980.000000
11187980.000000
11191980.000000
11195980.000000
11199980.000000
11203980.000000
11207980.000000
11211980.000000
11215980.000000
11219980.000000
11223980.000000
11227980.000000
11231980.000000
11235980.000000
11239980.000000
11243980.000000
11247980.000000
11251980.000000
11255980.000000
11259980.000000
11263980.000000
11267980.000000
11271980.000000
11275980.000000
11279980.000000
11283980.000000
11287980.000000
11291980.000000
11295980.000000
11299980.000000
11303980.000000
11307980.000000
11311980.000000
11315980.000000
11319980.000000
11323980.000000
11327980.000000
11331980.000000
11335980.000000
11339980.000000
11343980.000000
11347980.000000
11351980.000000
11355980.000000
11359980.000000
11363980.000000
11367980.000000
11371980.000000
11375980.000000
11379980.000000
11383980.000000
11387980.000000
11391980.000000
11395980.000000
11399980.000000
11403980.000000
11407980.000000
11411980.000000
11415980.000000
11419980.000000
11423980.000000
11427980.000000
11431980.000000
11435980.000000
11439980.000000
11443980.000000
11447980.000000
11451980.000000
11455980.000000
11459980.000000
11463980.000000
11467980.000000
11471980.000000
11475980.000000
11479980.000000
11483980.000000
11487980.000000
11491980.000000
11495980.000000
11499980.000000
11503980.000000
11507980.000000
11511980.000000
11515980.000000
11519980.000000
11523980.000000
11527980.000000
11531980.000000
11535980.000000
11539980.000000
11543980.000000
11547980.000000
11551980.000000
11555980.000000
11559980.000000
11563980.000000
11567980.000000
11571980.000000
11575980.000000
11579980.000000
11583980.000000
11587980.000000
11591980.000000
11595980.000000
11599980.000000
11603980.000000
11607980.000000
11611980.000000
11615980.000000
11619980.000000
11623980.000000
11627980.000000
11631980.000000
11635980.000000
11639980.000000
11643980.000000
11647980.000000
11651980.000000
11655980.000000
11659980.000000
11663980.000000
11667980.000000
11671980.000000
11675980.000000
11679980.000000
11683980.000000
11687980.000000
11691980.000000
11695980.000000
11699980.000000
11703980.000000
11707980.000000
11711980.000000
11715980.000000
11719980.000000
11723980.000000
11727980.000000
11731980.000000
11735980.000000
11739980.000000
11743980.000000
11747980.000000
11751980.000000
11755980.000000
11759980.000000
11763980.000000
11767980.000000
11771980.000000
11775980.000000
11779980.000000
11783980.000000
11787980.000000
11791980.000000
11795980.000000
11799980.000000
11803980.000000
11807980.000000
11811980.000000
11815980.000000
11819980.000000
11823980.000000
11827980.000000
11831980.000000
11835980.000000
11839980.000000
11843980.000000
11847980.000000
11851980.000000
11855980.000000
11859980.000000
11863980.000000
11867980.000000
11871980.000000
11875980.000000
11879980.000000
11883980.000000
11887980.000000
11891980.000000
11895980.000000
11899980.000000
11903980.000000
11907980.000000
11911980.000000
11915980.000000
11919980.000000
11923980.000000
11927980.000000
11931980.000000
11935980.000000
11939980.000000
11943980.000000
11947980.000000
11951980.000000
11955980.000000
11959980.000000
11963980.000000
11967980.000000
11971980.000000
11975980.000000
11979980.000000
11983980.000000
11987980.000000
11991980.000000
11995980.000000
11999980.000000
12003980.000000
12007980.000000
12011980.000000
12015980.000000
12019980.000000
12023980.000000
12027980.000000
12031980.000000
12035980.000000
12039980.000000
12043980.000000
12047980.000000
12051980.000000
12055980.000000
12059980.000000
12063980.000000
12067980.000000
12071980.000000
12075980.000000
12079980.000000
12083980.000000
12087980.000000
12091980.000000
12095980.000000
12099980.000000
12103980.000000
12107980.000000
12111980.000000
12115980.000000
12119980.000000
12123980.000000
12127980.000000
12131980.000000
12135980.000000
12139980.000000
12143980.000000
12147980.000000
12151980.000000
12155980.000000
12159980.000000
12163980.000000
12167980.000000
12171980.000000
12175980.000000
12179980.000000
12183980.000000
12187980.000000
12191980.000000
12195980.000000
12199980.000000
12203980.000000
12207980.000000
12211980.000000
12215980.000000
12219980.000000
12223980.000000
12227980.000000
12231980.000000
12235980.000000
12239980.000000
12243980.000000
12247980.000000
12251980.000000
12255980.000000
12259980.000000
12263980.000000
12267980.000000
12271980.000000
12275980.000000
12279980.000000
12283980.000000
12287980.000000
12291980.000000
12295980.000000
12299980.000000
12303980.000000
12307980.000000
12311980.000000
12315980.000000
12319980.000000
12323980.000000
12327980.000000
12331980.000000
12335980.000000
12339980.000000
12343980.000000
12347980.000000
12351980.000000
12355980.000000
12359980.000000
12363980.000000
12367980.000000
12371980.000000
12375980.000000
12379980.000000
12383980.000000
12387980.000000
12391980.000000
12395980.000000
12399980.000000
12403980.000000
12407980.000000
12411980.000000
12415980.000000
12419980.000000
12423980.000000
12427980.000000
12431980.000000
12435980.000000
12439980.000000
12443980.000000
12447980.000000
12451980.000000
12455980.000000
12459980.000000
12463980.000000
12467980.000000
12471980.000000
12475980.000000
12479980.000000
12483980.000000
12487980.000000
12491980.000000
12495980.000000
12499980.000000
12503980.000000
12507980.000000
12511980.000000
12515980.000000
12519980.000000
12523980.000000
12527980.000000
12531980.000000
12535980.000000
12539980.000000
12543980.000000
12547980.000000
12551980.000000
12555980.000000
12559980.000000
12563980.000000
12567980.000000
12571980.000000
12575980.000000
12579980.000000
12583980.000000
12587980.000000
12591980.000000
12595980.000000
12599980.000000
12603980.000000
12607980.000000
12611980.000000
12615980.000000
12619980.000000
12623980.000000
12627980.000000
12631980.000000
12635980.000000
12639980.000000
12643980.000000
12647980.000000
12651980.000000
12655980.000000
12659980.000000
12663980.000000
12667980.000000
12671980.000000
12675980.000000
12679980.000000
12683980.000000
12687980.000000
12691980.000000
12695980.000000
12699980.000000
12703980.000000
12707980.000000
12711980.000000
12715980.000000
12719980.000000
12723980.000000
12727980.000000
12731980.000000
12735980.000000
12739980.000000
12743980.000000
12747980.000000
12751980.000000
12755980.000000
12759980.000000
12763980.000000
12767980.000000
12771980.000000
12775980.000000
12779980.000000
12783980.000000
12787980.000000
12791980.000000
12795980.000000
12799980.000000
12803980.000000
12807980.000000
12811980.000000
12815980.000000
12819980.000000
12823980.000000
12827980.000000
12831980.000000
12835980.000000
12839980.000000
12843980.000000
12847980.000000
12851980.000000
12855980.000000
12859980.000000
12863980.000000
12867980.000000
12871980.000000
12875980.000000
12879980.000000
12883980.000000
12887980.000000
12891980.000000
12895980.000000
12899980.000000
12903980.000000
12907980.000000
12911980.000000
12915980.000000
12919980.000000
12923980.000000
12927980.000000
12931980.000000
12935980.000000
12939980.000000
12943980.000000
12947980.000000
12951980.000000
12955980.000000
12959980.000000
12963980.000000
12967980.000000
12971980.000000
12975980.000000
12979980.000000
12983980.000000
12987980.000000
12991980.000000
12995980.000000
12999980.000000
13003980.000000
13007980.000000
13011980.000000
13015980.000000
13019980.000000
13023980.000000
13027980.000000
13031980.000000
13035980.000000
13039980.000000
13043980.000000
13047980.000000
13051980.000000
13055980.000000
13059980.000000
13063980.000000
13067980.000000
13071980.000000
13075980.000000
13079980.000000
13083980.000000
13087980.000000
13091980.000000
13095980.000000
13099980.000000
13103980.000000
13107980.000000
13111980.000000
13115980.000000
13119980.000000
13123980.000000
13127980.000000
13131980.000000
13135980.000000
13139980.000000
13143980.000000
13147980.000000
13151980.000000
13155980.000000
13159980.000000
13163980.000000
13167980.000000
13171980.000000
13175980.000000
13179980.000000
13183980.000000
13187980.000000
13191980.000000
13195980.000000
13199980.000000
13203980.000000
13207980.000000
13211980.000000
13215980.000000
13219980.000000
13223980.000000
13227980.000000
13231980.000000
13235980.000000
13239980.000000
13243980.000000
13247980.000000
13251980.000000
13255980.000000
13259980.000000
13263980.000000
13267980.000000
13271980.000000
13275980.000000
13279980.000000
13283980.000000
13287980.000000
13291980.000000
13295980.000000
13299980.000000
13303980.000000
13307980.000000
13311980.000000
13315980.000000
13319980.000000
13323980.000000
13327980.000000
13331980.000000
13335980.000000
13339980.000000
13343980.000000
13347980.000000
13351980.000000
13355980.000000
13359980.000000
13363980.000000
13367980.000000
13371980.000000
13375980.000000
13379980.000000
13383980.000000
13387980.000000
13391980.000000
13395980.000000
13399980.000000
13403980.000000
13407980.000000
13411980.000000
13415980.000000
13419980.000000
13423980.000000
13427980.000000
13431980.000000
13435980.000000
13439980.000000
13443980.000000
13447980.000000
13451980.000000
13455980.000000
13459980.000000
13463980.000000
13467980.000000
13471980.000000
13475980.000000
13479980.000000
13483980.000000
13487980.000000
13491980.000000
13495980.000000
13499980.000000
13503980.000000
13507980.000000
13511980.000000
13515980.000000
13519980.000000
13523980.000000
13527980.000000
13531980.000000
13535980.000000
13539980.000000
13543980.000000
13547980.000000
13551980.000000
13555980.000000
13559980.000000
13563980.000000
13567980.000000
13571980.000000
13575980.000000
13579980.000000
13583980.000000
13587980.000000
13591980.000000
13595980.000000
13599980.000000
13603980.000000
13607980.000000
13611980.000000
13615980.000000
13619980.000000
13623980.000000
13627980.000000
13631980.000000
13635980.000000
13639980.000000
13643980.000000
13647980.000000
13651980.000000
13655980.000000
13659980.000000
13663980.000000
13667980.000000
13671980.000000
13675980.000000
13679980.000000
13683980.000000
13687980.000000
13691980.000000
13695980.000000
13699980.000000
13703980.000000
13707980.000000
13711980.000000
13715980.000000
13719980.000000
13723980.000000
13727980.000000
13731980.000000
13735980.000000
13739980.000000
13743980.000000
13747980.000000
13751980.000000
13755980.000000
13759980.000000
13763980.000000
13767980.000000
13771980.000000
13775980.000000
13779980.000000
13783980.000000
13787980.000000
13791980.000000
13795980.000000
13799980.000000
13803980.000000
13807980.000000
13811980.000000
13815980.000000
13819980.000000
13823980.000000
13827980.000000
13831980.000000
13835980.000000
13839980.000000
13843980.000000
13847980.000000
13851980.000000
13855980.000000
13859980.000000
13863980.000000
13867980.000000
13871980.000000
13875980.000000
13879980.000000
13883980.000000
13887980.000000
13891980.000000
13895980.000000
13899980.000000
13903980.000000
13907980.000000
13911980.000000
13915980.000000
13919980.000000
13923980.000000
13927980.000000
13931980.000000
13935980.000000
13939980.000000
13943980.000000
13947980.000000
13951980.000000
13955980.000000
13959980.000000
13963980.000000
13967980.000000
13971980.000000
13975980.000000
13979980.000000
13983980.000000
13987980.000000
13991980.000000
13995980.000000
13999980.000000
14003980.000000
14007980.000000
14011980.000000
14015980.000000
14019980.000000
14023980.000000
14027980.000000
14031980.000000
14035980.000000
14039980.000000
14043980.000000
14047980.000000
14051980.000000
14055980.000000
14059980.000000
14063980.000000
14067980.000000
14071980.000000
14075980.000000
14079980.000000
14083980.000000
14087980.000000
14091980.000000
14095980.000000
14099980.000000
14103980.000000
14107980.000000
14111980.000000
14115980.000000
14119980.000000
14123980.000000
14127980.000000
14131980.000000
14135980.000000
14139980.000000
14143980.000000
14147980.000000
14151980.000000
14155980.000000
14159980.000000
14163980.000000
14167980.000000
14171980.000000
14175980.000000
14179980.000000
14183980.000000
14187980.000000
14191980.000000
14195980.000000
14199980.000000
14203980.000000
14207980.000000
14211980.000000
14215980.000000
14219980.000000
14223980.000000
14227980.000000
14231980.000000
14235980.000000
14239980.000000
14243980.000000
14247980.000000
14251980.000000
14255980.000000
14259980.000000
14263980.000000
14267980.000000
14271980.000000
14275980.000000
14279980.000000
14283980.000000
14287980.000000
14291980.000000
14295980.000000
14299980.000000
14303980.000000
14307980.000000
14311980.000000
14315980.000000
14319980.000000
14323980.000000
14327980.000000
14331980.000000
14335980.000000
14339980.000000
14343980.000000
14347980.000000
14351980.000000
14355980.000000
14359980.000000
14363980.000000
14367980.000000
14371980.000000
14375980.000000
14379980.000000
14383980.000000
14387980.000000
14391980.000000
14395980.000000
14399980.000000
14403980.000000
14407980.000000
14411980.000000
14415980.000000
14419980.000000
14423980.000000
14427980.000000
14431980.000000
14435980.000000
14439980.000000
14443980.000000
14447980.000000
14451980.000000
14455980.000000
14459980.000000
14463980.000000
14467980.000000
14471980.000000
14475980.000000
14479980.000000
14483980.000000
14487980.000000
14491980.000000
14495980.000000
14499980.000000
14503980.000000
14507980.000000
14511980.000000
14515980.000000
14519980.000000
14523980.000000
14527980.000000
14531980.000000
14535980.000000
14539980.000000
14543980.000000
14547980.000000
14551980.000000
14555980.000000
14559980.000000
14563980.000000
14567980.000000
14571980.000000
14575980.000000
14579980.000000
14583980.000000
14587980.000000
14591980.000000
14595980.000000
14599980.000000
14603980.000000
14607980.000000
14611980.000000
14615980.000000
14619980.000000
14623980.000000
14627980.000000
14631980.000000
14635980.000000
14639980.000000
14643980.000000
14647980.000000
14651980.000000
14655980.000000
14659980.000000
14663980.000000
14667980.000000
14671980.000000
14675980.000000
14679980.000000
14683980.000000
14687980.000000
14691980.000000
14695980.000000
14699980.000000
14703980.000000
14707980.000000
14711980.000000
14715980.000000
14719980.000000
14723980.000000
14727980.000000
14731980.000000
14735980.000000
14739980.000000
14743980.000000
14747980.000000
14751980.000000
14755980.000000
14759980.000000
14763980.000000
14767980.000000
14771980.000000
14775980.000000
14779980.000000
14783980.000000
14787980.000000
14791980.000000
14795980.000000
14799980.000000
14803980.000000
14807980.000000
14811980.000000
14815980.000000
14819980.000000
14823980.000000
14827980.000000
14831980.000000
14835980.000000
14839980.000000
14843980.000000
14847980.000000
14851980.000000
14855980.000000
14859980.000000
14863980.000000
14867980.000000
14871980.000000
14875980.000000
14879980.000000
14883980.000000
14887980.000000
14891980.000000
14895980.000000
14899980.000000
14903980.000000
14907980.000000
14911980.000000
14915980.000000
14919980.000000
14923980.000000
14927980.000000
14931980.000000
14935980.000000
14939980.000000
14943980.000000
14947980.000000
14951980.000000
14955980.000000
14959980.000000
14963980.000000
14967980.000000
14971980.000000
14975980.000000
14979980.000000
14983980.000000
14987980.000000
14991980.000000
14995980.000000
14999980.000000
15003980.000000
15007980.000000
15011980.000000
15015980.000000
15019980.000000
15023980.000000
15027980.000000
15031980.000000
15035980.000000
15039980.000000
15043980.000000
15047980.000000
15051980.000000
15055980.000000
15059980.000000
15063980.000000
15067980.000000
15071980.000000
15075980.000000
15079980.000000
15083980.000000
15087980.000000
15091980.000000
15095980.000000
15099980.000000
15103980.000000
15107980.000000
15111980.000000
15115980.000000
15119980.000000
15123980.000000
15127980.000000
15131980.000000
15135980.000000
15139980.000000
15143980.000000
15147980.000000
15151980.000000
15155980.000000
15159980.000000
15163980.000000
15167980.000000
15171980.000000
15175980.000000
15179980.000000
15183980.000000
15187980.000000
15191980.000000
15195980.000000
15199980.000000
15203980.000000
15207980.000000
15211980.000000
15215980.000000
15219980.000000
15223980.000000
15227980.000000
15231980.000000
15235980.000000
15239980.000000
15243980.000000
15247980.000000
15251980.000000
15255980.000000
15259980.000000
15263980.000000
15267980.000000
15271980.000000
15275980.000000
15279980.000000
15283980.000000
15287980.000000
15291980.000000
15295980.000000
15299980.000000
15303980.000000
15307980.000000
15311980.000000
15315980.000000
15319980.000000
15323980.000000
15327980.000000
15331980.000000
15335980.000000
15339980.000000
15343980.000000
15347980.000000
15351980.000000
15355980.000000
15359980.000000
15363980.000000
15367980.000000
15371980.000000
15375980.000000
15379980.000000
15383980.000000
15387980.000000
15391980.000000
15395980.000000
15399980.000000
15403980.000000
15407980.000000
15411980.000000
15415980.000000
15419980.000000
15423980.000000
15427980.000000
15431980.000000
15435980.000000
15439980.000000
15443980.000000
15447980.000000
15451980.000000
15455980.000000
15459980.000000
15463980.000000
15467980.000000
15471980.000000
15475980.000000
15479980.000000
15483980.000000
15487980.000000
15491980.000000
15495980.000000
15499980.000000
15503980.000000
15507980.000000
15511980.000000
15515980.000000
15519980.000000
15523980.000000
15527980.000000
15531980.000000
15535980.000000
15539980.000000
15543980.000000
15547980.000000
15551980.000000
15555980.000000
15559980.000000
15563980.000000
15567980.000000
15571980.000000
15575980.000000
15579980.000000
15583980.000000
15587980.000000
15591980.000000
15595980.000000
15599980.000000
15603980.000000
15607980.000000
15611980.000000
15615980.000000
15619980.000000
15623980.000000
15627980.000000
15631980.000000
15635980.000000
15639980.000000
15643980.000000
15647980.000000
15651980.000000
15655980.000000
15659980.000000
15663980.000000
15667980.000000
15671980.000000
15675980.000000
15679980.000000
15683980.000000
15687980.000000
15691980.000000
15695980.000000
15699980.000000
15703980.000000
15707980.000000
15711980.000000
15715980.000000
15719980.000000
15723980.000000
15727980.000000
15731980.000000
15735980.000000
15739980.000000
15743980.000000
15747980.000000
15751980.000000
15755980.000000
15759980.000000
15763980.000000
15767980.000000
15771980.000000
15775980.000000
15779980.000000
15783980.000000
15787980.000000
15791980.000000
15795980.000000
15799980.000000
15803980.000000
15807980.000000
15811980.000000
15815980.000000
15819980.000000
15823980.000000
15827980.000000
15831980.000000
15835980.000000
15839980.000000
15843980.000000
15847980.000000
15851980.000000
15855980.000000
15859980.000000
15863980.000000
15867980.000000
15871980.000000
15875980.000000
15879980.000000
15883980.000000
15887980.000000
15891980.000000
15895980.000000
15899980.000000
15903980.000000
15907980.000000
15911980.000000
15915980.000000
15919980.000000
15923980.000000
15927980.000000
15931980.000000
15935980.000000
15939980.000000
15943980.000000
15947980.000000
15951980.000000
15955980.000000
15959980.000000
15963980.000000
15967980.000000
15971980.000000
15975980.000000
15979980.000000
15983980.000000
15987980.000000
15991980.000000
15995980.000000
15999980.000000
16003980.000000
16007980.000000
16011980.000000
16015980.000000
16019980.000000
16023980.000000
16027980.000000
16031980.000000
16035980.000000
16039980.000000
16043980.000000
16047980.000000
16051980.000000
16055980.000000
16059980.000000
16063980.000000
16067980.000000
16071980.000000
16075980.000000
